n
1 1 0 0 1 1 1 0 
1 1 1 1 1 1 1 1 
1 1 1 1 0 1 1 1 
1 1 0 0 0 0 1 1 
1 1 0 0 0 0 1 1 
1 1 0 0 0 0 1 1 
1 1 0 0 0 0 1 1 
1 1 0 0 0 0 1 1 
1 1 0 0 0 0 1 1 
1 1 0 0 0 0 1 1 

---
p
1 1 0 0 1 1 1 0 0 
1 1 1 1 1 1 1 1 0 
1 1 1 1 0 1 1 1 1 
1 1 0 0 0 0 1 1 1 
1 1 0 0 0 0 1 1 1 
1 1 0 0 0 0 1 1 1 
1 1 0 0 0 0 1 1 1 
1 1 0 0 0 0 1 1 1 
1 1 1 1 0 1 1 1 0 
1 1 1 1 1 1 1 0 0 
1 1 0 0 0 0 0 0 0 
1 1 0 0 0 0 0 0 0 
1 1 0 0 0 0 0 0 0 

---
0 0 0 0 0 0 0 0 0 0 
0 0 0 0 0 0 0 0 0 0 
0 0 0 0 0 0 0 0 0 0 
0 1 1 0 0 1 1 1 0 0 
0 1 1 1 1 1 1 1 1 0 
0 1 1 1 0 0 1 1 1 1 
0 1 1 0 0 0 0 1 1 1 
0 1 1 0 0 0 0 1 1 1 
0 1 1 0 0 0 0 1 1 1 
0 1 1 0 0 0 0 1 1 1 
0 1 1 0 0 0 0 1 1 1 
0 1 1 1 1 1 1 1 1 0 
0 1 1 1 1 1 1 1 0 0 
0 1 1 0 0 0 0 0 0 0 
0 1 1 0 0 0 0 0 0 0 
0 1 1 0 0 0 0 0 0 0 
0 0 0 0 0 0 0 0 0 0 

[ 18, 0, 10, 17 ]
10
8
36,0
{ code: 'n',
  x: 36,
  y: 0,
  bb: 17,
  bw: 31,
  wb: 12,
  total: 80,
  match: 37 }
----------
37,0
{ code: 'n',
  x: 37,
  y: 0,
  bb: 27,
  bw: 21,
  wb: 8,
  total: 80,
  match: 51 }
----------
38,0
{ code: 'n',
  x: 37,
  y: 0,
  bb: 27,
  bw: 21,
  wb: 8,
  total: 80,
  match: 51 }
----------
36,1
{ code: 'n',
  x: 37,
  y: 0,
  bb: 27,
  bw: 21,
  wb: 8,
  total: 80,
  match: 51 }
----------
37,1
{ code: 'n',
  x: 37,
  y: 1,
  bb: 32,
  bw: 16,
  wb: 7,
  total: 80,
  match: 57 }
----------
38,1
{ code: 'n',
  x: 37,
  y: 1,
  bb: 32,
  bw: 16,
  wb: 7,
  total: 80,
  match: 57 }
----------
36,2
{ code: 'n',
  x: 37,
  y: 1,
  bb: 32,
  bw: 16,
  wb: 7,
  total: 80,
  match: 57 }
----------
37,2
{ code: 'n', x: 37, y: 2, bb: 40, bw: 8, wb: 7, total: 80, match: 65 }
----------
38,2
{ code: 'n', x: 37, y: 2, bb: 40, bw: 8, wb: 7, total: 80, match: 65 }
----------
36,3
{ code: 'n', x: 37, y: 2, bb: 40, bw: 8, wb: 7, total: 80, match: 65 }
----------
37,3
{ code: 'n', x: 37, y: 3, bb: 46, bw: 2, wb: 8, total: 80, match: 70 }
----------
38,3
{ code: 'n', x: 37, y: 3, bb: 46, bw: 2, wb: 8, total: 80, match: 70 }
----------
36,4
{ code: 'n', x: 37, y: 3, bb: 46, bw: 2, wb: 8, total: 80, match: 70 }
----------
37,4
{ code: 'n', x: 37, y: 3, bb: 46, bw: 2, wb: 8, total: 80, match: 70 }
----------
38,4
{ code: 'n', x: 37, y: 3, bb: 46, bw: 2, wb: 8, total: 80, match: 70 }
----------
36,5
{ code: 'n', x: 37, y: 3, bb: 46, bw: 2, wb: 8, total: 80, match: 70 }
----------
37,5
{ code: 'n', x: 37, y: 3, bb: 46, bw: 2, wb: 8, total: 80, match: 70 }
----------
38,5
{ code: 'n', x: 37, y: 3, bb: 46, bw: 2, wb: 8, total: 80, match: 70 }
----------
36,6
{ code: 'n', x: 37, y: 3, bb: 46, bw: 2, wb: 8, total: 80, match: 70 }
----------
37,6
{ code: 'n', x: 37, y: 3, bb: 46, bw: 2, wb: 8, total: 80, match: 70 }
----------
38,6
{ code: 'n', x: 37, y: 3, bb: 46, bw: 2, wb: 8, total: 80, match: 70 }
----------
36,7
{ code: 'n', x: 37, y: 3, bb: 46, bw: 2, wb: 8, total: 80, match: 70 }
----------
37,7
{ code: 'n', x: 37, y: 3, bb: 46, bw: 2, wb: 8, total: 80, match: 70 }
----------
38,7
{ code: 'n', x: 37, y: 3, bb: 46, bw: 2, wb: 8, total: 80, match: 70 }
----------
{ code: 'n', x: 37, y: 3, bb: 46, bw: 2, wb: 8, total: 80, match: 70 }
{ code: 'n', x: 37, y: 3, bb: 46, bw: 2, wb: 8, total: 80, match: 70 }
======
liuchen ---
0
3
18
10
9
18
end ---
0 0 0 0 0 0 0 0 0 
0 0 0 0 0 0 0 0 0 
0 0 0 0 0 0 0 0 0 
0 1 1 0 0 1 1 1 0 
0 1 1 1 1 1 1 1 1 
0 1 1 1 0 0 1 1 1 
0 1 1 0 0 0 0 1 1 
0 1 1 0 0 0 0 1 1 
0 1 1 0 0 0 0 1 1 
0 1 1 0 0 0 0 1 1 
0 1 1 0 0 0 0 1 1 
0 1 1 1 1 1 1 1 1 
0 1 1 1 1 1 1 1 0 

(18,0)
====
36,0
{ code: 'p',
  x: 36,
  y: 0,
  bb: 25,
  bw: 41,
  wb: 29,
  total: 117,
  match: 47 }
----------
0 0 0 0 0 0 0 0 0 
0 0 0 0 0 0 0 0 0 
0 0 0 0 0 0 0 0 0 
1 1 0 0 1 1 1 0 0 
1 1 1 1 1 1 1 1 0 
1 1 1 0 0 1 1 1 1 
1 1 0 0 0 0 1 1 1 
1 1 0 0 0 0 1 1 1 
1 1 0 0 0 0 1 1 1 
1 1 0 0 0 0 1 1 1 
1 1 0 0 0 0 1 1 1 
1 1 1 1 1 1 1 1 0 
1 1 1 1 1 1 1 0 0 

(19,0)
====
37,0
{ code: 'p',
  x: 37,
  y: 0,
  bb: 35,
  bw: 31,
  wb: 25,
  total: 117,
  match: 61 }
----------
0 0 0 0 0 0 0 0 0 
0 0 0 0 0 0 0 0 0 
0 1 1 0 0 1 1 1 0 
0 1 1 1 1 1 1 1 1 
0 1 1 1 0 0 1 1 1 
0 1 1 0 0 0 0 1 1 
0 1 1 0 0 0 0 1 1 
0 1 1 0 0 0 0 1 1 
0 1 1 0 0 0 0 1 1 
0 1 1 0 0 0 0 1 1 
0 1 1 1 1 1 1 1 1 
0 1 1 1 1 1 1 1 0 
0 1 1 0 0 0 0 0 0 

(18,1)
====
36,1
{ code: 'p',
  x: 37,
  y: 0,
  bb: 35,
  bw: 31,
  wb: 25,
  total: 117,
  match: 61 }
----------
0 0 0 0 0 0 0 0 0 
0 0 0 0 0 0 0 0 0 
1 1 0 0 1 1 1 0 0 
1 1 1 1 1 1 1 1 0 
1 1 1 0 0 1 1 1 1 
1 1 0 0 0 0 1 1 1 
1 1 0 0 0 0 1 1 1 
1 1 0 0 0 0 1 1 1 
1 1 0 0 0 0 1 1 1 
1 1 0 0 0 0 1 1 1 
1 1 1 1 1 1 1 1 0 
1 1 1 1 1 1 1 0 0 
1 1 0 0 0 0 0 0 0 

(19,1)
====
37,1
{ code: 'p',
  x: 37,
  y: 1,
  bb: 41,
  bw: 25,
  wb: 21,
  total: 117,
  match: 71 }
----------
0 0 0 0 0 0 0 0 0 
0 1 1 0 0 1 1 1 0 
0 1 1 1 1 1 1 1 1 
0 1 1 1 0 0 1 1 1 
0 1 1 0 0 0 0 1 1 
0 1 1 0 0 0 0 1 1 
0 1 1 0 0 0 0 1 1 
0 1 1 0 0 0 0 1 1 
0 1 1 0 0 0 0 1 1 
0 1 1 1 1 1 1 1 1 
0 1 1 1 1 1 1 1 0 
0 1 1 0 0 0 0 0 0 
0 1 1 0 0 0 0 0 0 

(18,2)
====
36,2
{ code: 'p',
  x: 37,
  y: 1,
  bb: 41,
  bw: 25,
  wb: 21,
  total: 117,
  match: 71 }
----------
0 0 0 0 0 0 0 0 0 
1 1 0 0 1 1 1 0 0 
1 1 1 1 1 1 1 1 0 
1 1 1 0 0 1 1 1 1 
1 1 0 0 0 0 1 1 1 
1 1 0 0 0 0 1 1 1 
1 1 0 0 0 0 1 1 1 
1 1 0 0 0 0 1 1 1 
1 1 0 0 0 0 1 1 1 
1 1 1 1 1 1 1 1 0 
1 1 1 1 1 1 1 0 0 
1 1 0 0 0 0 0 0 0 
1 1 0 0 0 0 0 0 0 

(19,2)
====
37,2
{ code: 'p',
  x: 37,
  y: 2,
  bb: 54,
  bw: 12,
  wb: 10,
  total: 117,
  match: 95 }
----------
0 1 1 0 0 1 1 1 0 
0 1 1 1 1 1 1 1 1 
0 1 1 1 0 0 1 1 1 
0 1 1 0 0 0 0 1 1 
0 1 1 0 0 0 0 1 1 
0 1 1 0 0 0 0 1 1 
0 1 1 0 0 0 0 1 1 
0 1 1 0 0 0 0 1 1 
0 1 1 1 1 1 1 1 1 
0 1 1 1 1 1 1 1 0 
0 1 1 0 0 0 0 0 0 
0 1 1 0 0 0 0 0 0 
0 1 1 0 0 0 0 0 0 

(18,3)
(0, 0), dst=1, src=0
(1, 0), dst=1, src=1
(2, 0), dst=0, src=1
(3, 0), dst=0, src=0
(4, 0), dst=1, src=0
(5, 0), dst=1, src=1
(6, 0), dst=1, src=1
(7, 0), dst=0, src=1
(8, 0), dst=0, src=0
(0, 1), dst=1, src=0
(1, 1), dst=1, src=1
(2, 1), dst=1, src=1
(3, 1), dst=1, src=1
(4, 1), dst=1, src=1
(5, 1), dst=1, src=1
(6, 1), dst=1, src=1
(7, 1), dst=1, src=1
(8, 1), dst=0, src=1
(0, 2), dst=1, src=0
(1, 2), dst=1, src=1
(2, 2), dst=1, src=1
(3, 2), dst=1, src=1
(4, 2), dst=0, src=0
(5, 2), dst=1, src=0
(6, 2), dst=1, src=1
(7, 2), dst=1, src=1
(8, 2), dst=1, src=1
(0, 3), dst=1, src=0
(1, 3), dst=1, src=1
(2, 3), dst=0, src=1
(3, 3), dst=0, src=0
(4, 3), dst=0, src=0
(5, 3), dst=0, src=0
(6, 3), dst=1, src=0
(7, 3), dst=1, src=1
(8, 3), dst=1, src=1
(0, 4), dst=1, src=0
(1, 4), dst=1, src=1
(2, 4), dst=0, src=1
(3, 4), dst=0, src=0
(4, 4), dst=0, src=0
(5, 4), dst=0, src=0
(6, 4), dst=1, src=0
(7, 4), dst=1, src=1
(8, 4), dst=1, src=1
(0, 5), dst=1, src=0
(1, 5), dst=1, src=1
(2, 5), dst=0, src=1
(3, 5), dst=0, src=0
(4, 5), dst=0, src=0
(5, 5), dst=0, src=0
(6, 5), dst=1, src=0
(7, 5), dst=1, src=1
(8, 5), dst=1, src=1
(0, 6), dst=1, src=0
(1, 6), dst=1, src=1
(2, 6), dst=0, src=1
(3, 6), dst=0, src=0
(4, 6), dst=0, src=0
(5, 6), dst=0, src=0
(6, 6), dst=1, src=0
(7, 6), dst=1, src=1
(8, 6), dst=1, src=1
(0, 7), dst=1, src=0
(1, 7), dst=1, src=1
(2, 7), dst=0, src=1
(3, 7), dst=0, src=0
(4, 7), dst=0, src=0
(5, 7), dst=0, src=0
(6, 7), dst=1, src=0
(7, 7), dst=1, src=1
(8, 7), dst=1, src=1
(0, 8), dst=1, src=0
(1, 8), dst=1, src=1
(2, 8), dst=1, src=1
(3, 8), dst=1, src=1
(4, 8), dst=0, src=1
(5, 8), dst=1, src=1
(6, 8), dst=1, src=1
(7, 8), dst=1, src=1
(8, 8), dst=0, src=1
(0, 9), dst=1, src=0
(1, 9), dst=1, src=1
(2, 9), dst=1, src=1
(3, 9), dst=1, src=1
(4, 9), dst=1, src=1
(5, 9), dst=1, src=1
(6, 9), dst=1, src=1
(7, 9), dst=0, src=1
(8, 9), dst=0, src=0
(0, 10), dst=1, src=0
(1, 10), dst=1, src=1
(2, 10), dst=0, src=1
(3, 10), dst=0, src=0
(4, 10), dst=0, src=0
(5, 10), dst=0, src=0
(6, 10), dst=0, src=0
(7, 10), dst=0, src=0
(8, 10), dst=0, src=0
(0, 11), dst=1, src=0
(1, 11), dst=1, src=1
(2, 11), dst=0, src=1
(3, 11), dst=0, src=0
(4, 11), dst=0, src=0
(5, 11), dst=0, src=0
(6, 11), dst=0, src=0
(7, 11), dst=0, src=0
(8, 11), dst=0, src=0
(0, 12), dst=1, src=0
(1, 12), dst=1, src=1
(2, 12), dst=0, src=1
(3, 12), dst=0, src=0
(4, 12), dst=0, src=0
(5, 12), dst=0, src=0
(6, 12), dst=0, src=0
(7, 12), dst=0, src=0
(8, 12), dst=0, src=0
====
36,3
{ code: 'p',
  x: 37,
  y: 2,
  bb: 54,
  bw: 12,
  wb: 10,
  total: 117,
  match: 95 }
----------
1 1 0 0 1 1 1 0 0 
1 1 1 1 1 1 1 1 0 
1 1 1 0 0 1 1 1 1 
1 1 0 0 0 0 1 1 1 
1 1 0 0 0 0 1 1 1 
1 1 0 0 0 0 1 1 1 
1 1 0 0 0 0 1 1 1 
1 1 0 0 0 0 1 1 1 
1 1 1 1 1 1 1 1 0 
1 1 1 1 1 1 1 0 0 
1 1 0 0 0 0 0 0 0 
1 1 0 0 0 0 0 0 0 
1 1 0 0 0 0 0 0 0 

(19,3)
(0, 0), dst=1, src=1
(1, 0), dst=1, src=1
(2, 0), dst=0, src=0
(3, 0), dst=0, src=0
(4, 0), dst=1, src=1
(5, 0), dst=1, src=1
(6, 0), dst=1, src=1
(7, 0), dst=0, src=0
(8, 0), dst=0, src=0
(0, 1), dst=1, src=1
(1, 1), dst=1, src=1
(2, 1), dst=1, src=1
(3, 1), dst=1, src=1
(4, 1), dst=1, src=1
(5, 1), dst=1, src=1
(6, 1), dst=1, src=1
(7, 1), dst=1, src=1
(8, 1), dst=0, src=0
(0, 2), dst=1, src=1
(1, 2), dst=1, src=1
(2, 2), dst=1, src=1
(3, 2), dst=1, src=0
(4, 2), dst=0, src=0
(5, 2), dst=1, src=1
(6, 2), dst=1, src=1
(7, 2), dst=1, src=1
(8, 2), dst=1, src=1
(0, 3), dst=1, src=1
(1, 3), dst=1, src=1
(2, 3), dst=0, src=0
(3, 3), dst=0, src=0
(4, 3), dst=0, src=0
(5, 3), dst=0, src=0
(6, 3), dst=1, src=1
(7, 3), dst=1, src=1
(8, 3), dst=1, src=1
(0, 4), dst=1, src=1
(1, 4), dst=1, src=1
(2, 4), dst=0, src=0
(3, 4), dst=0, src=0
(4, 4), dst=0, src=0
(5, 4), dst=0, src=0
(6, 4), dst=1, src=1
(7, 4), dst=1, src=1
(8, 4), dst=1, src=1
(0, 5), dst=1, src=1
(1, 5), dst=1, src=1
(2, 5), dst=0, src=0
(3, 5), dst=0, src=0
(4, 5), dst=0, src=0
(5, 5), dst=0, src=0
(6, 5), dst=1, src=1
(7, 5), dst=1, src=1
(8, 5), dst=1, src=1
(0, 6), dst=1, src=1
(1, 6), dst=1, src=1
(2, 6), dst=0, src=0
(3, 6), dst=0, src=0
(4, 6), dst=0, src=0
(5, 6), dst=0, src=0
(6, 6), dst=1, src=1
(7, 6), dst=1, src=1
(8, 6), dst=1, src=1
(0, 7), dst=1, src=1
(1, 7), dst=1, src=1
(2, 7), dst=0, src=0
(3, 7), dst=0, src=0
(4, 7), dst=0, src=0
(5, 7), dst=0, src=0
(6, 7), dst=1, src=1
(7, 7), dst=1, src=1
(8, 7), dst=1, src=1
(0, 8), dst=1, src=1
(1, 8), dst=1, src=1
(2, 8), dst=1, src=1
(3, 8), dst=1, src=1
(4, 8), dst=0, src=1
(5, 8), dst=1, src=1
(6, 8), dst=1, src=1
(7, 8), dst=1, src=1
(8, 8), dst=0, src=0
(0, 9), dst=1, src=1
(1, 9), dst=1, src=1
(2, 9), dst=1, src=1
(3, 9), dst=1, src=1
(4, 9), dst=1, src=1
(5, 9), dst=1, src=1
(6, 9), dst=1, src=1
(7, 9), dst=0, src=0
(8, 9), dst=0, src=0
(0, 10), dst=1, src=1
(1, 10), dst=1, src=1
(2, 10), dst=0, src=0
(3, 10), dst=0, src=0
(4, 10), dst=0, src=0
(5, 10), dst=0, src=0
(6, 10), dst=0, src=0
(7, 10), dst=0, src=0
(8, 10), dst=0, src=0
(0, 11), dst=1, src=1
(1, 11), dst=1, src=1
(2, 11), dst=0, src=0
(3, 11), dst=0, src=0
(4, 11), dst=0, src=0
(5, 11), dst=0, src=0
(6, 11), dst=0, src=0
(7, 11), dst=0, src=0
(8, 11), dst=0, src=0
(0, 12), dst=1, src=1
(1, 12), dst=1, src=1
(2, 12), dst=0, src=0
(3, 12), dst=0, src=0
(4, 12), dst=0, src=0
(5, 12), dst=0, src=0
(6, 12), dst=0, src=0
(7, 12), dst=0, src=0
(8, 12), dst=0, src=0
====
37,3
{ code: 'p',
  x: 37,
  y: 3,
  bb: 65,
  bw: 1,
  wb: 1,
  total: 117,
  match: 115 }
----------
0 1 1 1 1 1 1 1 1 
0 1 1 1 0 0 1 1 1 
0 1 1 0 0 0 0 1 1 
0 1 1 0 0 0 0 1 1 
0 1 1 0 0 0 0 1 1 
0 1 1 0 0 0 0 1 1 
0 1 1 0 0 0 0 1 1 
0 1 1 1 1 1 1 1 1 
0 1 1 1 1 1 1 1 0 
0 1 1 0 0 0 0 0 0 
0 1 1 0 0 0 0 0 0 
0 1 1 0 0 0 0 0 0 
0 0 0 0 0 0 0 0 0 

(18,4)
====
36,4
{ code: 'p',
  x: 37,
  y: 3,
  bb: 65,
  bw: 1,
  wb: 1,
  total: 117,
  match: 115 }
----------
1 1 1 1 1 1 1 1 0 
1 1 1 0 0 1 1 1 1 
1 1 0 0 0 0 1 1 1 
1 1 0 0 0 0 1 1 1 
1 1 0 0 0 0 1 1 1 
1 1 0 0 0 0 1 1 1 
1 1 0 0 0 0 1 1 1 
1 1 1 1 1 1 1 1 0 
1 1 1 1 1 1 1 0 0 
1 1 0 0 0 0 0 0 0 
1 1 0 0 0 0 0 0 0 
1 1 0 0 0 0 0 0 0 
0 0 0 0 0 0 0 0 0 

(19,4)
====
37,4
{ code: 'p',
  x: 37,
  y: 3,
  bb: 65,
  bw: 1,
  wb: 1,
  total: 117,
  match: 115 }
----------
{ code: 'p',
  x: 37,
  y: 3,
  bb: 65,
  bw: 1,
  wb: 1,
  total: 117,
  match: 115 }
{ code: 'p',
  x: 37,
  y: 3,
  bb: 65,
  bw: 1,
  wb: 1,
  total: 117,
  match: 115 }
======
[ '9', 'j', 'p', 'e' ]
